390.139237 136.016692 44.707887 23.107833 21.947580 20.601620 18.860441 20.055462 22.341976 21.609479 20.607568 21.208836 19.895233 19.629406
405.623512 137.403662 42.134446 24.157893 21.707619 22.101599 20.539556 21.599179 21.811968 20.100276 19.684473 22.319617 19.439686 20.643946
404.929563 154.974783 46.315047 22.399820 21.906277 22.471273 19.542081 22.740766 20.310923 21.480768 20.463093 19.732632 18.377015 22.385106
412.789585 133.121324 47.360563 22.436091 20.744343 19.635604 20.348181 23.020909 18.795411 19.227991 21.122382 21.666389 19.383208 22.188575
382.329517 150.343050 44.984329 23.949301 19.251678 20.345063 18.505425 19.866458 19.998882 19.638419 19.660941 19.960634 21.622294 21.725746
391.146474 139.301683 45.121642 21.247559 22.106023 19.833691 21.918164 18.338884 20.419658 22.963807 22.531958 21.625445 20.489479 19.804845
393.744621 130.766395 48.268736 25.742418 20.289810 23.318330 18.480696 20.278170 20.058050 20.674821 18.699236 21.391720 19.911674 21.605943
389.434230 139.841632 49.309364 21.651849 20.922768 22.409650 18.975668 19.297173 18.694547 19.714346 18.571353 20.351223 20.298804 21.376849
380.534101 143.392480 54.232518 21.883557 19.293859 18.970054 20.618345 22.390426 19.689143 21.187104 20.289777 20.996581 21.048781 20.181216
377.098485 140.989429 46.710494 22.514038 20.503851 21.959119 20.591258 19.274715 21.069714 19.840539 19.578174 19.491943 19.746186 21.402769
