50 14 12 390.139237
50 14 12 405.623512
50 14 12 404.929563
50 14 12 412.789585
50 14 12 382.329517
50 14 12 391.146474
50 14 12 393.744621
50 14 12 389.434230
50 14 12 380.534101
50 14 12 377.098485
50 16 12 136.016692
50 16 12 137.403662
50 16 12 154.974783
50 16 12 133.121324
50 16 12 150.343050
50 16 12 139.301683
50 16 12 130.766395
50 16 12 139.841632
50 16 12 143.392480
50 16 12 140.989429
50 18 12 44.707887
50 18 12 42.134446
50 18 12 46.315047
50 18 12 47.360563
50 18 12 44.984329
50 18 12 45.121642
50 18 12 48.268736
50 18 12 49.309364
50 18 12 54.232518
50 18 12 46.710494
50 20 12 23.107833
50 20 12 24.157893
50 20 12 22.399820
50 20 12 22.436091
50 20 12 23.949301
50 20 12 21.247559
50 20 12 25.742418
50 20 12 21.651849
50 20 12 21.883557
50 20 12 22.514038
50 22 12 21.947580
50 22 12 21.707619
50 22 12 21.906277
50 22 12 20.744343
50 22 12 19.251678
50 22 12 22.106023
50 22 12 20.289810
50 22 12 20.922768
50 22 12 19.293859
50 22 12 20.503851
50 24 12 20.601620
50 24 12 22.101599
50 24 12 22.471273
50 24 12 19.635604
50 24 12 20.345063
50 24 12 19.833691
50 24 12 23.318330
50 24 12 22.409650
50 24 12 18.970054
50 24 12 21.959119
50 26 12 18.860441
50 26 12 20.539556
50 26 12 19.542081
50 26 12 20.348181
50 26 12 18.505425
50 26 12 21.918164
50 26 12 18.480696
50 26 12 18.975668
50 26 12 20.618345
50 26 12 20.591258
50 28 12 20.055462
50 28 12 21.599179
50 28 12 22.740766
50 28 12 23.020909
50 28 12 19.866458
50 28 12 18.338884
50 28 12 20.278170
50 28 12 19.297173
50 28 12 22.390426
50 28 12 19.274715
50 30 12 22.341976
50 30 12 21.811968
50 30 12 20.310923
50 30 12 18.795411
50 30 12 19.998882
50 30 12 20.419658
50 30 12 20.058050
50 30 12 18.694547
50 30 12 19.689143
50 30 12 21.069714
50 32 12 21.609479
50 32 12 20.100276
50 32 12 21.480768
50 32 12 19.227991
50 32 12 19.638419
50 32 12 22.963807
50 32 12 20.674821
50 32 12 19.714346
50 32 12 21.187104
50 32 12 19.840539
50 34 12 20.607568
50 34 12 19.684473
50 34 12 20.463093
50 34 12 21.122382
50 34 12 19.660941
50 34 12 22.531958
50 34 12 18.699236
50 34 12 18.571353
50 34 12 20.289777
50 34 12 19.578174
50 36 12 21.208836
50 36 12 22.319617
50 36 12 19.732632
50 36 12 21.666389
50 36 12 19.960634
50 36 12 21.625445
50 36 12 21.391720
50 36 12 20.351223
50 36 12 20.996581
50 36 12 19.491943
50 38 12 19.895233
50 38 12 19.439686
50 38 12 18.377015
50 38 12 19.383208
50 38 12 21.622294
50 38 12 20.489479
50 38 12 19.911674
50 38 12 20.298804
50 38 12 21.048781
50 38 12 19.746186
50 40 12 19.629406
50 40 12 20.643946
50 40 12 22.385106
50 40 12 22.188575
50 40 12 21.725746
50 40 12 19.804845
50 40 12 21.605943
50 40 12 21.376849
50 40 12 20.181216
50 40 12 21.402769
